2.075
83
367 323
330 364
284 402
231 311
240 331
209 401
338 418
327 392
298 295
339 363
199 299
320 418
423 384
267 403
353 330
211 339
386 319
384 304
313 379
313 348
297 331
277 365
308 334
276 366
298 286
229 397
273 354
357 348
290 389
219 319
233 326
237 279
269 405
245 334
288 380
269 328
239 333
309 299
231 281
240 368
311 395
323 304
304 373
299 404
381 341
372 355
294 352
271 330
377 333
352 359
322 351
250 338
358 352
321 405
255 396
307 327
380 341
300 355
311 371
384 356
326 381
382 384
327 352
350 362
307 325
374 306
396 360
238 380
316 320
230 295
387 387
313 312
369 358
391 337
348 374
236 314
220 318
386 308
276 337
299 350
333 324
384 364
241 310
