12.725
509
276 423
294 303
271 416
196 306
248 314
184 454
338 378
334 475
246 312
335 376
259 250
295 434
325 424
289 417
316 299
163 347
354 308
398 346
335 318
310 335
244 380
275 386
289 312
253 395
337 282
227 474
260 397
366 284
273 405
229 324
206 352
180 293
286 343
221 378
232 376
268 293
191 292
326 321
256 317
292 292
344 369
396 297
268 397
332 429
334 367
360 322
246 352
345 260
337 349
353 391
349 363
219 220
269 408
320 409
328 398
297 331
344 389
335 349
277 358
360 361
276 385
428 340
347 326
347 311
292 318
440 314
364 401
220 408
312 228
185 256
439 412
266 329
303 360
466 401
392 478
198 344
218 342
389 291
310 373
266 394
267 253
387 436
278 260
430 388
256 336
269 394
106 326
214 345
319 316
323 337
415 361
188 405
206 342
349 399
214 361
370 328
220 450
421 401
368 309
280 343
303 346
192 370
344 304
438 435
172 300
286 344
282 378
352 411
271 350
309 357
265 379
284 325
224 386
266 366
319 401
191 331
239 376
219 357
311 358
179 308
325 283
317 365
189 369
216 310
345 342
253 348
402 419
148 414
377 363
403 361
438 358
218 328
415 370
405 369
292 325
227 368
373 345
245 264
319 344
250 337
312 378
297 287
325 400
342 351
245 268
331 362
312 345
166 400
363 296
388 301
202 352
312 368
410 252
390 343
381 391
289 285
264 374
332 308
268 416
204 382
228 283
286 345
308 311
417 340
280 360
404 307
253 376
350 429
232 401
411 389
207 403
262 318
308 415
345 341
303 395
295 428
366 238
172 309
436 341
412 354
211 394
218 342
373 344
286 306
343 367
200 368
285 371
264 414
363 347
284 327
253 272
268 373
319 329
303 412
267 282
372 429
206 362
213 375
311 330
393 396
212 317
426 320
184 398
283 368
254 346
214 292
278 363
414 349
414 288
273 355
427 305
260 401
279 282
303 319
275 318
263 342
306 301
263 302
188 415
197 327
385 439
382 298
288 341
207 380
323 305
365 272
266 307
368 402
378 397
294 282
322 379
323 418
275 348
337 391
355 308
239 355
244 410
361 284
398 324
268 403
352 215
211 409
355 319
381 426
239 352
297 396
274 367
343 314
296 391
416 428
334 340
325 389
221 380
327 333
181 309
339 307
358 279
250 359
144 270
178 354
213 314
384 304
300 316
371 429
277 374
345 272
326 393
398 405
220 401
205 370
383 415
283 323
318 432
375 339
334 374
360 248
264 335
242 272
255 363
310 264
402 323
265 385
221 342
292 327
367 276
370 260
393 353
254 453
357 362
389 334
320 361
331 327
219 375
342 289
236 273
229 354
323 358
320 351
266 341
320 314
409 391
391 339
237 341
368 424
236 260
257 325
287 380
400 366
227 390
392 378
298 379
275 388
210 342
278 343
323 403
275 296
209 330
224 393
351 363
243 312
392 438
389 260
276 350
271 377
367 304
281 279
388 440
336 293
309 318
257 366
319 384
286 308
335 369
290 396
367 264
303 377
245 309
195 418
235 372
385 383
281 352
199 361
356 369
244 342
244 335
280 294
341 393
264 329
310 329
354 339
358 366
334 420
373 355
299 305
370 317
242 381
374 377
335 337
317 318
233 299
302 366
299 361
342 405
288 347
305 379
322 414
286 331
285 354
292 373
315 314
345 335
271 339
209 348
276 332
174 352
380 359
264 291
327 323
296 319
319 405
288 351
349 293
383 333
253 319
391 348
310 314
321 379
305 364
360 290
291 407
383 322
231 364
296 401
344 440
269 373
365 316
387 325
224 312
267 360
371 363
349 396
334 314
254 347
381 398
289 376
320 343
236 356
418 374
307 353
313 281
235 344
243 362
255 344
270 315
394 304
333 309
270 330
358 331
372 325
426 330
241 364
335 360
287 377
284 392
373 359
362 324
329 321
391 349
238 322
314 323
214 282
374 373
409 292
327 384
382 341
245 353
246 375
229 324
247 279
273 363
273 303
275 334
177 318
324 366
343 380
287 388
283 328
221 325
324 328
309 409
190 352
277 298
383 376
271 294
216 354
309 322
244 313
348 355
276 376
264 372
245 326
308 379
336 310
393 327
361 348
381 369
312 376
333 355
269 289
181 327
348 373
239 364
258 297
372 321
237 333
374 366
315 406
301 360
248 304
347 327
340 397
287 370
274 365
296 351
388 311
406 367
191 289
372 345
262 352
261 375
278 389
261 394
247 362
367 374
231 361
373 366
271 368
229 349
392 317
375 327
269 353
374 386
371 374
227 331
386 350
222 395
286 350
371 301
323 340
